      Disease  Symptom_1  Symptom_2  Symptom_3  Symptom_4  Symptom_5  \
0          15        130         99         72         32        131   
1          15         99         72         32        131        131   
2          15        130         72         32        131        131   
3          15        130         99         32        131        131   
4          15        130         99         72        131        131   
...       ...        ...        ...        ...        ...        ...   
4915        0        120         44         70        102         60   
4916        2         99         85          8         94        131   
4917       38         17          9         43         24        131   
4918       35         99         55         98         96        101   
4919       27         99         45         10         88        126   

      Symptom_6  Symptom_7  Symptom_8  Symptom_9  Symptom_10  Symptom_11  \
0           131        131        131        131         131         131   
1           131        131        131        131         131         131   
2           131        131        131        131         131         131   
3           131        131        131        131         131         131   
4           131        131        131        131         131         131   
...         ...        ...        ...        ...         ...         ...   
4915        118        131        131        131         131         131   
4916        131        131        131        131         131         131   
4917        131        131        131        131         131         131   
4918         50        131        131        131         131         131   
4919        131        131        131        131         131         131   

      Symptom_12  Symptom_13  Symptom_14  Symptom_15  Symptom_16  Symptom_17  
0            131         131         131         131         131         131  
1            131         131         131         131         131         131  
2            131         131         131         131         131         131  
3            131         131         131         131         131         131  
4            131         131         131         131         131         131  
...          ...         ...         ...         ...         ...         ...  
4915         131         131         131         131         131         131  
4916         131         131         131         131         131         131  
4917         131         131         131         131         131         131  
4918         131         131         131         131         131         131  
4919         131         131         131         131         131         131  

[4920 rows x 18 columns]
